x= 0.076
y= 0.076
z= 0.00012
x0= 0
y0= 0
z0= 0
R1= 0.036
R2= 0.038
dR= 0.0009
FI= 12.5664
Z= 0.004
sys= 1
ncx= 3
ncy= 120
ncz= 9
step= 10
Bamax= 0.03
Ismax= 0
ns= 40
N= 18.3
T= 0.0138889
f= 72
dt= 0.000347222
Jc= 1.308e+08
Jcpa= 9e+10
Jcpe= 3e+10
rel= 1
nsxe= 925047060
nsye= 32765
nsze= -472625183
sxl= -0.038
sxr= 0.038
syb= -0.038
syt= 0.038
